INSTANCE=0
LAT=38.95221210451332
LON=-95.26413195334585
ALT=0
DIR=180
MODEL=+
SPEEDUP=2
VEHICLE=ArduCopter
